0:	2000
4010
3010
3110
2020
3010
3110
4050
4070
4020
3010
3110
3010
3110
3010
3110
3021
3121
2030
2020
3010
3110
4020
3010
3110
3010
3110
3010
3110
3020
4070
3120
4020
3010
3110
3010
3110
3021
3121
2030
2020
3010
3110
4020
3010
3110
3010
3110
3021
3121
2030
2020
3010
3110
4020
3010
3110
3010
3110
3010
3110
3021
3121
2030
2020
3010
4070
3110
4020
3010
3110
3010
3110
3010
3110
3021
3121
2030
2020
3010
3110
4020
3010
3110
3010
3110
3010
3110
3010
3110
3020
4070
4070
4070
4070
3120
4020
3010
4070
3110
3010
3110
3010
3110
3021
3121
2030
2020
3010
3110
4020
3010
3110
3010
3110
3010
3110
3010
3110
3020
4070
3120
4020
3010
3110
3010
3110
3010
3110
3010
3110
3010
3110
3021
3121
2030
2020
3010
4070
3110
4020
3010
4070
3110
3010
3110
3010
3110
3010
3110
3010
3110
3021
3121
2030
2020
3010
4070
3110
4020
3010
3110
3010
3110
3010
3110
3010
3110
3010
3110
3020
4070
4070
4070
3120
4020
3010
4070
3110
3010
3110
3010
3110
3010
3110
3021
3121
2030
3021
3121
2020
3010
3110


1:	2000
4010
3010
4070
3110
2020
3010
4070
4070
3110
4070
4070
4070
4070
4070
4050
4050
4070
4070
4070
4070
4020
3010
3110
3010
3110
3010
4070
3110
3021
3121
2030
2020
3010
4070
3110
4070
4070
4070
4070
4070
4050
4020
3010
3110
3010
4070
3110
3010
4070
3110
3020
4070
4070
4070
4070
4070
3120
4020
3010
4070
3110
3010
4070
4070
3110
3010
4070
3110
3020
4070
4070
4070
4070
3120
3020
4070
4070
3120
4020
3010
4070
3110
3010
4070
4070
3110
3021
3121
2030
2020
3010
3110
4070
4070
4050
4070
4070
4020
3010
4070
4070
3110
3010
4070
3110
3010
4070
3110
3020
4070
4070
4070
3120
4020
3010
4070
4070
3110
3010
4070
3110
3010
4070
3110
3020
4070
4070
4070
3120
3020
4070
4070
4070
3120
4020
3010
4070
3110
3010
4070
4070
3110
3021
4070
3121
2030
2020
3010
3110
4070
4050
4020
3010
4070
3110
3010
4070
4070
3110
3010
4070
3110
3010
3110
3020
3120
4020
3010
4070
3110
3010
4070
4070
3110
3010
4070
3110
3010
4070
3110
3020
3120
3020
4070
3120
4020
3010
4070
4070
3110
3010
4070
4070
3110
3010
4070
3110
3010
4070
3110
3020
4070
4070
4070
4070
3120
3020
4070
4070
3120
4020
3010
4070
3110
3010
4070
3110
3010
4070
4070
3110
3021
3121
2030
2020
3010
3110
4070
4050
4020
3010
4070
4070
3110
3010
4070
3110
3010
4070
4070
3110
3010
4070
3110
3020
4070
4070
4070
4070
3120
4020
3010
4070
4070
3110
3010
4070
4070
4070
3110
3010
4070
4070
4070
3110
3010
4070
3110
3020
4070
4070
3120
3020
4070
4070
4070
4070
3120
4020
3010
4070
4070
3110
3010
4070
4070
4070
3110
3010
4070
4070
3110
3021
4070
3121
2030
2020
3010
4070
3110
4050
4070
4050
4020
3010
4070
4070
3110
3010
4070
3110
3010
4070
4070
4070
3110
3010
4070
3110
3021
3121
2030
2020
3010
4070
4070
3110
4050
4070
4070
4020
3010
4070
4070
3110
3010
4070
4070
4070
3110
3010
4070
4070
4070
3110
3010
4070
4070
4070
4070
3110
3010
4070
3110
3021
3121
2030
2020
3010
4070
4070
3110
4050
4020
3010
4070
4070
3110
3010
4070
4070
4070
3110
3010
4070
4070
4070
3110
3010
4070
4070
4070
3110
3010
4070
4070
4070
3110
3020
4070
4070
4070
3120
4020
3010
4070
4070
3110
3010
4070
4070
3110
3010
4070
4070
4070
4070
3110
3010
4070
4070
3110
3021
3121
2030
2020
3010
4070
4070
3110
4050
4070
4050
4070
4050
4070
4020
3010
4070
3110
3010
4070
4070
3110
3010
4070
4070
4070
3110
3010
4070
4070
3110
3021
3121
2030
3021
3121
4070
4070
4070
4070
4070
4070
4070
4070
4070
4070
4070
4070
4070
4070
4070
4070
4070
4070
4070
4070
4070
4070
4070
4070
4070
4070
4070
4070
4070
4070
4070
4070
4070
4070


2:	2000
4010
3010
4070
4070
4070
4070
4070
4070
4070
4070
4070
4070
4070
4070
4070
4070
3110
2020
3010
4070
4070
4070
4070
3110
4020
3010
3110
3010
3110
3020
4070
4070
4070
4070
4070
4070
3120
4020
3010
3110
3010
3110
3010
3110
3021
3121
2030
2020
3010
3110
4020
3010
3110
3010
3110
3010
3110
3021
3121
2030
2020
3010
3110
4020
3010
3110
3010
3110
3010
3110
3021
3121
2030
2020
3010
3110
4020
3010
3110
3010
3110
3010
3110
3021
3121
2030
2020
3010
3110
4020
3010
3110
3010
3110
3010
3110
3021
3121
2030
2020
3010
4070
3110
4020
3010
3110
3010
3110
3010
3110
3021
3121
2030
2020
3010
3110
4020
3010
3110
3010
3110
3010
3110
3010
3110
3020
4070
4070
4070
4070
4070
3120
4020
3010
4070
3110
3010
3110
3010
3110
3010
3110
3010


3:	2000
4010
4070
3010
4070
4070
4070
4070
4070
4070
4070
4070
4070
4070


4:	2000
4010
3010


5:	2000


